1,0.554520216,0.013723967,0.032896967,-0.02000167,0.224298148,0.446740194,0.098141404,0.07626143,0.033828676,0.075074891,0.158999021,0.084441431,-0.160082836,0.046846796,0.165467162,0.133927639,0.199883718,0.122155919,-0.149548747,0.041946451,-0.032717597,-0.080602169,0.084867196,0.14738057,0.051997988,0.052124145,0.103525431,0.124908758,0.141124642,0.052190441,0.098061637,0.12963931,0.090954298,0.128243509,0.163949461,0.09231559,0.131677622,0.205892392,0.41610475,-0.00750876,0.075372074,0.101314566,0.203814528,-0.019585338,0.013106562,0.356635438
0.554520216,1,0.057274277,-0.026375413,-0.076342862,0.236792384,-0.002591876,0.013779013,0.021757427,-0.049843347,0.058491221,0.120622335,0.088118298,-0.01176084,-0.094471564,0.04264658,-0.058278663,0.081739176,0.136505581,-0.08429513,-0.024944857,-0.104255744,-0.197249602,0.07129692,0.103557006,0.021057825,0.055181683,-0.026699288,0.049846013,0.12823599,0.060231889,0.053083733,0.038846986,0.06119787,0.117283501,0.162285479,0.071545471,0.086657538,0.147277944,0.321338047,0.007556341,0.075386801,0.052093456,0.289537175,0.097184496,0.057313335,0.055896432
0.013723967,0.057274277,1,0.097243547,0.118192139,0.00649833,-0.001901402,-0.037003878,-0.018022258,-0.051552597,-0.034752575,0.114080176,0.038357513,-0.016266142,-0.012938062,-0.114164491,-0.162058574,-0.061415041,0.028986194,-0.003838588,0.002759262,0.015013754,0.019363103,-0.0290464,0.083906111,0.122472325,0.08485546,-0.011092336,0.00834379,0.062607296,0.060988052,0.134778302,0.04375107,0.054009038,0.011018224,0.008829503,0.02251878,-0.060322989,0.032283306,0.018589578,0.066752166,0.043291867,0.042679285,0.043424124,0.097407996,-0.057053016,0.02394268
0.032896967,-0.026375413,0.097243547,1,0.019471089,0.020615021,0.012736987,0.021040739,-0.015946382,0.029812868,-0.040432866,0.086818836,0.111642183,-0.008625181,-0.039891141,0.078972543,0.184543072,0.178168269,-0.068031102,-0.051807275,-0.037584005,-0.029146718,-0.009877125,-0.021825017,-0.051330842,0.077965354,0.055121431,-0.059127662,0.011175276,0.035383017,-0.186762715,0.176903942,0.22730216,0.171386345,-0.123131406,0.162571981,0.156621317,0.035525323,0.052515782,-0.03587328,-0.147537057,-0.078421776,-0.10771676,0.033759327,-0.115120329,-0.046829237,0.008305015
-0.02000167,-0.076342862,0.118192139,0.019471089,1,-0.01717626,0.011612908,0.042069946,0.021719844,0.057338506,-0.048799533,-0.008562921,-0.078301457,0.046895847,0.02701454,0.008037234,0.136723408,0.029088842,-0.015010387,0.009433138,-0.033835155,-0.015146045,0.044888201,-0.065507672,0.101511736,0.051874661,0.038248659,-0.024327503,-0.059080195,0.050929339,0.082769964,0.05422314,-0.025738448,-0.033199698,-0.025063665,-0.011322158,0.006497116,0.118891485,0.031795327,-0.058425003,-0.018449624,0.077280976,0.080430611,-0.098539873,-0.128121547,-0.064834474,0.007782847
0.224298148,0.236792384,0.00649833,0.020615021,-0.01717626,1,0.263613092,0.150469537,-0.141986637,-0.235098633,-0.135495094,0.210441507,0.086794286,-0.053074704,-0.033558102,0.197678202,0.156571435,0.221918351,0.217100067,0.017444108,0.016836122,-0.046783712,-0.13489334,0.133153396,0.086243809,0.058239005,0.050098262,0.030385034,-0.029900176,0.177516145,0.030896421,0.165822157,0.207989803,0.193746324,0.155331342,0.134546143,0.101805593,0.173116483,0.23165692,0.043267398,-0.061886699,0.058420786,-0.000457186,0.568938954,-0.120823558,0.03578234,0.130376938
0.446740194,-0.002591876,-0.001901402,0.012736987,0.011612908,0.263613092,1,0.20544693,0.291918178,0.291915544,-0.002918702,0.20748369,0.062803099,-0.072304225,0.153723192,0.156198675,0.153506457,0.197229845,0.154463258,-0.040253808,0.107248178,0.044844409,0.033827098,0.080144467,0.190680212,0.075929021,0.061711675,0.173742084,0.049121607,0.162696088,0.080859185,0.104209595,0.140718226,0.104104222,0.210742568,0.05365656,0.103605575,0.172930621,0.308896673,0.328627988,0.025473855,0.130275979,0.137509715,-0.017507015,-0.140864284,0.019171329,0.813995824
0.098141404,0.013779013,-0.037003878,0.021040739,0.042069946,0.150469537,0.20544693,1,0.480660878,-0.051534491,-0.101929169,0.053493481,-0.003460761,0.076831402,0.058169748,0.090662225,0.17371334,0.163594796,0.070591079,0.115339147,0.099063483,0.017963298,0.056182437,0.021898846,0.054370802,-0.034929852,0.01229041,0.129703537,-0.213562718,-0.018311899,0.101733128,0.012002111,0.045220398,-0.009774517,0.098398026,0.135175287,0.107168462,0.10040966,0.223131281,0.101593461,0.037952341,0.074839637,0.025989061,0.063941214,0.035959162,-0.009563946,0.064929886
0.07626143,0.021757427,-0.018022258,-0.015946382,0.021719844,-0.141986637,0.291918178,0.480660878,1,0.542026305,0.268661218,0.036143072,0.013655658,0.089842359,0.034801358,0.01062231,0.045394335,0.07552187,0.031562223,0.049505821,0.086927803,0.054888834,0.134161301,0.035488315,0.11423332,-0.022787072,0.021837271,0.076369794,-0.013585926,-0.00764109,0.145385363,-0.054896958,-0.054592364,-0.091060212,0.183445924,0.044844863,0.059870084,0.064694171,0.193965748,0.171329695,0.118584516,0.146978861,0.138019241,-0.212079187,0.017573988,-0.023750475,0.189615746
0.033828676,-0.049843347,-0.051552597,0.029812868,0.057338506,-0.235098633,0.291915544,-0.051534491,0.542026305,1,0.269863425,0.126493904,0.028762918,0.133927983,0.042592145,0.042015387,0.173897952,0.149865343,0.058809484,0.011094393,-0.030514619,0.02584006,0.20139502,0.079223127,0.205535066,0.055635134,0.063503082,-0.010225518,0.277398021,0.101578458,0.07279468,0.027769006,0.029604903,-0.030076681,0.245002145,0.159262275,0.077267734,0.157122837,0.157731749,0.197288156,0.069044827,0.174275894,0.240299521,-0.244388089,-0.085413126,-0.020693052,0.241004132
0.075074891,0.058491221,-0.034752575,-0.040432866,-0.048799533,-0.135495094,-0.002918702,-0.101929169,0.268661218,0.269863425,1,0.080600381,0.038069022,0.062727833,0.068257389,0.156202159,0.10191312,0.171849706,0.094462469,0.057650625,0.098042759,0.137901035,0.197731021,0.190577775,0.117378305,-0.007220539,0.066192673,0.09511962,0.52847168,0.099275898,0.159548334,-0.02290297,0.029046409,-0.022399748,0.221813701,0.331670802,0.141587533,0.108257348,0.105700186,0.084822634,0.091142838,0.120708649,0.158958448,0.041174701,0.228538837,0.025426875,0.06123049
0.158999021,0.120622335,0.114080176,0.086818836,-0.008562921,0.210441507,0.20748369,0.053493481,0.036143072,0.126493904,0.080600381,1,0.257610429,0.011408513,0.037368797,0.316018465,0.338231135,0.525931539,0.48930754,0.018389585,0.069064252,0.067565767,0.159055469,0.278882478,0.459260216,0.381419749,0.298465688,0.097246477,0.294190012,0.650954569,0.014631733,0.490865288,0.58124879,0.533992917,0.189797665,0.481535251,0.292521684,0.534744051,0.495198826,0.1619309,-0.080178525,0.139499551,0.228749471,0.240544124,0.007882667,0.112800254,0.188563379
0.084441431,0.088118298,0.038357513,0.111642183,-0.078301457,0.086794286,0.062803099,-0.003460761,0.013655658,0.028762918,0.038069022,0.257610429,1,-0.009074914,0.004912307,0.062322763,0.037483051,0.11761606,0.146990795,-0.032538809,0.012767262,0.021670134,0.019278967,0.07543668,0.131299088,0.090067483,0.024056956,0.021268093,0.079632489,0.137790114,-0.029827496,0.186573172,0.167790204,0.172784557,0.057129614,0.126216033,0.281231615,0.104824765,0.098810634,0.061770384,0.009597056,0.06454716,0.035077049,0.080894792,-0.002103655,0.034745905,0.063266152
-0.160082836,-0.01176084,-0.016266142,-0.008625181,0.046895847,-0.053074704,-0.072304225,0.076831402,0.089842359,0.133927983,0.062727833,0.011408513,-0.009074914,1,0.279584736,-0.161907054,-0.005418435,-0.023116228,-0.002187471,0.353577028,-0.053668745,-0.079351129,0.203869413,0.011313078,0.056759242,-0.031679562,-0.014690233,0.087702468,0.057593414,-0.013097495,0.067338124,-0.06770743,-0.042805064,-0.080161119,0.145860102,0.072510682,0.023571492,0.007396766,0.09364361,0.219301632,0.047530031,0.047335445,0.106444014,-0.084977047,0.062961478,0.025589525,0.003907769
0.046846796,-0.094471564,-0.012938062,-0.039891141,0.02701454,-0.033558102,0.153723192,0.058169748,0.034801358,0.042592145,0.068257389,0.037368797,0.004912307,0.279584736,1,-0.00644557,0.015509856,-0.01592308,0.001657932,0.213794453,0.209369644,0.128898285,0.261306028,0.013561892,0.073741752,0.011646765,0.004277401,0.760111867,0.074295208,0.015635289,0.110260811,-0.03854357,-0.008278712,-0.026655112,0.142159643,0.025728227,0.041404397,0.034984353,0.151331377,-0.037395594,0.089893652,0.030914938,0.085103072,-0.041503737,0.125986674,-0.000947672,0.246814728
0.165467162,0.04264658,-0.114164491,0.078972543,0.008037234,0.197678202,0.156198675,0.090662225,0.01062231,0.042015387,0.156202159,0.316018465,0.062322763,-0.161907054,-0.00644557,1,0.609878814,0.616747129,0.320922526,-0.073830316,0.175720188,0.026670489,0.003413055,0.351895727,0.063846679,0.093554461,0.113377248,0.190279295,0.144743364,0.262579552,0.007776555,0.218757333,0.359733643,0.281825372,0.09349212,0.357585624,0.201899046,0.349813386,0.247032167,0.129311059,-0.148463815,0.01619413,0.008853298,0.187893399,-0.07683679,0.070077562,0.015556843
0.133927639,-0.058278663,-0.162058574,0.184543072,0.136723408,0.156571435,0.153506457,0.17371334,0.045394335,0.173897952,0.10191312,0.338231135,0.037483051,-0.005418435,0.015509856,0.609878814,1,0.749601152,0.314363688,-0.028684023,-0.036158142,-0.036092598,0.109071317,0.217487242,0.159693588,0.156013791,0.134787781,0.045503232,0.14974446,0.278714415,-0.038587962,0.272763062,0.416769884,0.303553726,0.093987985,0.405675221,0.244922922,0.552730267,0.273400027,0.085575819,-0.201733221,0.041441544,0.051954458,0.123185214,-0.203406559,0.044036506,0.008124419
0.199883718,0.081739176,-0.061415041,0.178168269,0.029088842,0.221918351,0.197229845,0.163594796,0.07552187,0.149865343,0.171849706,0.525931539,0.11761606,-0.023116228,-0.01592308,0.616747129,0.749601152,1,0.487667161,0.017230916,0.08100178,0.080073659,0.148824511,0.333394389,0.261858033,0.197370487,0.167844238,0.104535233,0.283714845,0.452393217,0.021826157,0.386785214,0.620828716,0.473993373,0.183095991,0.573699202,0.341038803,0.53755456,0.447132413,0.187549312,-0.207127505,0.112715479,0.078077457,0.267847228,-0.017551673,0.111810336,0.0994426
0.122155919,0.136505581,0.028986194,-0.068031102,-0.015010387,0.217100067,0.154463258,0.070591079,0.031562223,0.058809484,0.094462469,0.48930754,0.146990795,-0.002187471,0.001657932,0.320922526,0.314363688,0.487667161,1,0.017930633,0.007892484,0.018602007,0.042466334,0.265683256,0.34191297,0.22997358,0.185030492,0.052063026,0.202804171,0.5339469,0.117179094,0.273779922,0.340892889,0.331351982,0.192724672,0.369365403,0.158864163,0.477872467,0.326692974,0.103983528,-0.004527965,0.178731754,0.175064398,0.240473623,0.041549588,0.225258957,0.087496692
-0.149548747,-0.08429513,-0.003838588,-0.051807275,0.009433138,0.017444108,-0.040253808,0.115339147,0.049505821,0.011094393,0.057650625,0.018389585,-0.032538809,0.353577028,0.213794453,-0.073830316,-0.028684023,0.017230916,0.017930633,1,0.267981398,0.12582382,0.18747295,-0.007291436,0.006980991,-0.005024717,0.013179742,0.239820908,0.049706946,-0.01110961,0.099804846,-0.044891496,-0.022010189,-0.08128188,0.11560358,0.062406899,0.047825889,0.011413073,0.12986563,-0.115231652,0.07032985,0.020288648,0.016916479,0.062924033,0.318410843,0.024855754,0.033314083
0.041946451,-0.024944857,0.002759262,-0.037584005,-0.033835155,0.016836122,0.107248178,0.099063483,0.086927803,-0.030514619,0.098042759,0.069064252,0.012767262,-0.053668745,0.209369644,0.175720188,-0.036158142,0.08100178,0.007892484,0.267981398,1,0.410097614,0.281095921,0.114650258,0.004577877,0.00184985,0.011818622,0.581904195,0.052630767,0.051494562,0.09982605,0.005724329,0.071390292,0.040666404,0.085340503,0.045096852,0.084788484,0.019600189,0.21767595,-0.101940017,0.059686078,-0.011476202,0.001333439,0.032768353,0.224204442,0.018242543,0.175556854
-0.032717597,-0.104255744,0.015013754,-0.029146718,-0.015146045,-0.046783712,0.044844409,0.017963298,0.054888834,0.02584006,0.137901035,0.067565767,0.021670134,-0.079351129,0.128898285,0.026670489,-0.036092598,0.080073659,0.018602007,0.12582382,0.410097614,1,0.532060266,0.2699561,0.038652337,-0.008509568,0.00056984,0.216615898,0.166933941,0.074803396,0.084215705,0.010731988,0.05155764,0.00598992,0.14708755,0.055872235,0.077332147,-0.02410907,0.094799047,-0.09900983,0.049565502,0.006692261,0.02183199,0.045521414,0.279262973,0.00492632,0.107208266
-0.080602169,-0.197249602,0.019363103,-0.009877125,0.044888201,-0.13489334,0.033827098,0.056182437,0.134161301,0.20139502,0.197731021,0.159055469,0.019278967,0.203869413,0.261306028,0.003413055,0.109071317,0.148824511,0.042466334,0.18747295,0.281095921,0.532060266,1,0.164482986,0.233351347,0.086465003,0.043486567,0.281636,0.242687263,0.159886561,0.13292824,0.018770067,0.088960001,0.00109827,0.243992639,0.126092941,0.086402607,0.101346852,0.175916712,-0.03027968,0.089787994,0.088020803,0.233068295,-0.063682594,0.395372889,0.013684127,0.109760923
0.084867196,0.07129692,-0.0290464,-0.021825017,-0.065507672,0.133153396,0.080144467,0.021898846,0.035488315,0.079223127,0.190577775,0.278882478,0.07543668,0.011313078,0.013561892,0.351895727,0.217487242,0.333394389,0.265683256,-0.007291436,0.114650258,0.2699561,0.164482986,1,0.249321485,0.058841374,0.072556812,0.100268773,0.243080483,0.334391036,0.119991043,0.112568795,0.134362593,0.032631384,0.356308008,0.257956266,0.174476459,0.224180614,0.174582042,0.126668292,0.05456206,0.176774859,0.262662658,0.18160039,0.041781352,0.036956036,0.048311243
0.14738057,0.103557006,0.083906111,-0.051330842,0.101511736,0.086243809,0.190680212,0.054370802,0.11423332,0.205535066,0.117378305,0.459260216,0.131299088,0.056759242,0.073741752,0.063846679,0.159693588,0.261858033,0.34191297,0.006980991,0.004577877,0.038652337,0.233351347,0.249321485,1,0.278866598,0.204658916,0.056601524,0.245819515,0.523021473,0.319998412,0.183327585,0.126854541,0.04840677,0.445794034,0.207959609,0.153892077,0.461172793,0.321173606,0.184937354,0.339798535,0.752086585,0.784312712,0.086720453,0.120456181,0.002757123,0.194378689
0.051997988,0.021057825,0.122472325,0.077965354,0.051874661,0.058239005,0.075929021,-0.034929852,-0.022787072,0.055635134,-0.007220539,0.381419749,0.090067483,-0.031679562,0.011646765,0.093554461,0.156013791,0.197370487,0.22997358,-0.005024717,0.00184985,-0.008509568,0.086465003,0.058841374,0.278866598,1,0.618807443,0.010076262,0.119081075,0.369068728,0.100499954,0.218458869,0.253370058,0.195418536,0.051510408,0.181422268,0.016804133,0.306060161,0.185286756,0.047907487,0.04201035,0.061035771,0.153210184,0.075332499,-0.020927928,0.024503706,0.060982385
0.052124145,0.055181683,0.08485546,0.055121431,0.038248659,0.050098262,0.061711675,0.01229041,0.021837271,0.063503082,0.066192673,0.298465688,0.024056956,-0.014690233,0.004277401,0.113377248,0.134787781,0.167844238,0.185030492,0.013179742,0.011818622,0.00056984,0.043486567,0.072556812,0.204658916,0.618807443,1,0.020534314,0.100383803,0.287120033,0.163372865,0.124757444,0.109630863,0.109659975,0.111998187,0.163185426,-0.009021133,0.271272083,0.169157734,0.037939268,0.167055615,0.088102163,0.163990949,0.07551324,0.014335299,0.147218068,0.062712698
0.103525431,-0.026699288,-0.011092336,-0.059127662,-0.024327503,0.030385034,0.173742084,0.129703537,0.076369794,-0.010225518,0.09511962,0.097246477,0.021268093,0.087702468,0.760111867,0.190279295,0.045503232,0.104535233,0.052063026,0.239820908,0.581904195,0.216615898,0.281636,0.100268773,0.056601524,0.010076262,0.020534314,1,0.063469193,0.060670846,0.138837917,-0.028582822,0.055611717,0.02897667,0.157162866,0.073206447,0.088604305,0.066685157,0.24402391,-0.028533642,0.090043639,0.011465382,0.038190161,0.026529807,0.22533996,0.013275375,0.249265219
0.124908758,0.049846013,0.00834379,0.011175276,-0.059080195,-0.029900176,0.049121607,-0.213562718,-0.013585926,0.277398021,0.52847168,0.294190012,0.079632489,0.057593414,0.074295208,0.144743364,0.14974446,0.283714845,0.202804171,0.049706946,0.052630767,0.166933941,0.242687263,0.243080483,0.245819515,0.119081075,0.100383803,0.063469193,1,0.300010615,0.107742947,0.140452461,0.267054714,0.166290611,0.271701505,0.49995118,0.166484284,0.177097348,0.173511477,0.147107821,-0.010735735,0.125016677,0.204296645,0.168576821,0.158781304,0.054871575,0.116332832
0.141124642,0.12823599,0.062607296,0.035383017,0.050929339,0.177516145,0.162696088,-0.018311899,-0.00764109,0.101578458,0.099275898,0.650954569,0.137790114,-0.013097495,0.015635289,0.262579552,0.278714415,0.452393217,0.5339469,-0.01110961,0.051494562,0.074803396,0.159886561,0.334391036,0.523021473,0.369068728,0.287120033,0.060670846,0.300010615,1,0.054453139,0.366141636,0.423075905,0.360143647,0.217541026,0.414033707,0.164655301,0.527918845,0.374911399,0.132262087,0.049862536,0.235341927,0.344374362,0.223124031,0.016837561,0.217543569,0.164711142
0.052190441,0.060231889,0.060988052,-0.186762715,0.082769964,0.030896421,0.080859185,0.101733128,0.145385363,0.07279468,0.159548334,0.014631733,-0.029827496,0.067338124,0.110260811,0.007776555,-0.038587962,0.021826157,0.117179094,0.099804846,0.09982605,0.084215705,0.13292824,0.119991043,0.319998412,0.100499954,0.163372865,0.138837917,0.107742947,0.054453139,1,-0.244153698,-0.123738608,-0.189426296,0.33325636,0.058641171,-0.025846489,0.168225412,0.122165803,0.066998579,0.300968614,0.325126072,0.256609566,0.070238295,0.247881798,0.070931424,0.105726299
0.098061637,0.053083733,0.134778302,0.176903942,0.05422314,0.165822157,0.104209595,0.012002111,-0.054896958,0.027769006,-0.02290297,0.490865288,0.186573172,-0.06770743,-0.03854357,0.218757333,0.272763062,0.386785214,0.273779922,-0.044891496,0.005724329,0.010731988,0.018770067,0.112568795,0.183327585,0.218458869,0.124757444,-0.028582822,0.140452461,0.366141636,-0.244153698,1,0.535341146,0.540678535,-0.019436851,0.400493357,0.26810727,0.243044434,0.252241593,0.018678256,-0.245441466,-0.018402631,0.002128002,0.19901774,-0.103393357,-0.026177282,0.080815758
0.12963931,0.038846986,0.04375107,0.22730216,-0.025738448,0.207989803,0.140718226,0.045220398,-0.054592364,0.029604903,0.029046409,0.58124879,0.167790204,-0.042805064,-0.008278712,0.359733643,0.416769884,0.620828716,0.340892889,-0.022010189,0.071390292,0.05155764,0.088960001,0.134362593,0.126854541,0.253370058,0.109630863,0.055611717,0.267054714,0.423075905,-0.123738608,0.535341146,1,0.809619516,-0.046872819,0.623621749,0.28957977,0.296762328,0.332179409,0.089788948,-0.38739731,-0.089792489,-0.183185647,0.308266825,-0.037386896,0.147789943,0.104221814
0.090954298,0.06119787,0.054009038,0.171386345,-0.033199698,0.193746324,0.104104222,-0.009774517,-0.091060212,-0.030076681,-0.022399748,0.533992917,0.172784557,-0.080161119,-0.026655112,0.281825372,0.303553726,0.473993373,0.331351982,-0.08128188,0.040666404,0.00598992,0.00109827,0.032631384,0.04840677,0.195418536,0.109659975,0.02897667,0.166290611,0.360143647,-0.189426296,0.540678535,0.809619516,1,-0.138135797,0.489646405,0.220897337,0.257390271,0.26686585,0.018986796,-0.320299922,-0.146521764,-0.221229456,0.254871812,-0.034416954,0.178910839,0.075793838
0.128243509,0.117283501,0.011018224,-0.123131406,-0.025063665,0.155331342,0.210742568,0.098398026,0.183445924,0.245002145,0.221813701,0.189797665,0.057129614,0.145860102,0.142159643,0.09349212,0.093987985,0.183095991,0.192724672,0.11560358,0.085340503,0.14708755,0.243992639,0.356308008,0.445794034,0.051510408,0.111998187,0.157162866,0.271701505,0.217541026,0.33325636,-0.019436851,-0.046872819,-0.138135797,1,0.176121761,0.197419284,0.234198794,0.237517118,0.193224579,0.279076967,0.419377149,0.525183158,0.145105745,0.111247355,0.018667492,0.21347793
0.163949461,0.162285479,0.008829503,0.162571981,-0.011322158,0.134546143,0.05365656,0.135175287,0.044844863,0.159262275,0.331670802,0.481535251,0.126216033,0.072510682,0.025728227,0.357585624,0.405675221,0.573699202,0.369365403,0.062406899,0.045096852,0.055872235,0.126092941,0.257956266,0.207959609,0.181422268,0.163185426,0.073206447,0.49995118,0.414033707,0.058641171,0.400493357,0.623621749,0.489646405,0.176121761,1,0.337042967,0.343536207,0.355349922,0.150513075,-0.188489452,0.032443607,0.011608019,0.440459093,0.161309949,0.110477246,0.030039439
0.09231559,0.071545471,0.02251878,0.156621317,0.006497116,0.101805593,0.103605575,0.107168462,0.059870084,0.077267734,0.141587533,0.292521684,0.281231615,0.023571492,0.041404397,0.201899046,0.244922922,0.341038803,0.158864163,0.047825889,0.084788484,0.077332147,0.086402607,0.174476459,0.153892077,0.016804133,-0.009021133,0.088604305,0.166484284,0.164655301,-0.025846489,0.26810727,0.28957977,0.220897337,0.197419284,0.337042967,1,0.254771888,0.219992798,0.063863264,-0.080874687,0.095200288,0.063037318,0.151675013,0.056918541,0.159179788,0.101973385
0.131677622,0.086657538,-0.060322989,0.035525323,0.118891485,0.173116483,0.172930621,0.10040966,0.064694171,0.157122837,0.108257348,0.534744051,0.104824765,0.007396766,0.034984353,0.349813386,0.552730267,0.53755456,0.477872467,0.011413073,0.019600189,-0.02410907,0.101346852,0.224180614,0.461172793,0.306060161,0.271272083,0.066685157,0.177097348,0.527918845,0.168225412,0.243044434,0.296762328,0.257390271,0.234198794,0.343536207,0.254771888,1,0.409442256,0.112670516,0.02630602,0.245130497,0.311904984,0.173395863,-0.043169284,0.076083724,0.128805054
0.205892392,0.147277944,0.032283306,0.052515782,0.031795327,0.23165692,0.308896673,0.223131281,0.193965748,0.157731749,0.105700186,0.495198826,0.098810634,0.09364361,0.151331377,0.247032167,0.273400027,0.447132413,0.326692974,0.12986563,0.21767595,0.094799047,0.175916712,0.174582042,0.321173606,0.185286756,0.169157734,0.24402391,0.173511477,0.374911399,0.122165803,0.252241593,0.332179409,0.26686585,0.237517118,0.355349922,0.219992798,0.409442256,1,0.248066666,-0.004850616,0.149989562,0.188153951,0.15256092,0.020041746,0.034821995,0.298129504
0.41610475,0.321338047,0.018589578,-0.03587328,-0.058425003,0.043267398,0.328627988,0.101593461,0.171329695,0.197288156,0.084822634,0.1619309,0.061770384,0.219301632,-0.037395594,0.129311059,0.085575819,0.187549312,0.103983528,-0.115231652,-0.101940017,-0.09900983,-0.03027968,0.126668292,0.184937354,0.047907487,0.037939268,-0.028533642,0.147107821,0.132262087,0.066998579,0.018678256,0.089788948,0.018986796,0.193224579,0.150513075,0.063863264,0.112670516,0.248066666,1,0.034326738,0.121116815,0.183962433,0.021588213,-0.056698543,-0.007093528,0.221069291
-0.00750876,0.007556341,0.066752166,-0.147537057,-0.018449624,-0.061886699,0.025473855,0.037952341,0.118584516,0.069044827,0.091142838,-0.080178525,0.009597056,0.047530031,0.089893652,-0.148463815,-0.201733221,-0.207127505,-0.004527965,0.07032985,0.059686078,0.049565502,0.089787994,0.05456206,0.339798535,0.04201035,0.167055615,0.090043639,-0.010735735,0.049862536,0.300968614,-0.245441466,-0.38739731,-0.320299922,0.279076967,-0.188489452,-0.080874687,0.02630602,-0.004850616,0.034326738,1,0.471466112,0.419136314,-0.110231483,0.195939857,0.082596004,0.051968467
0.075372074,0.075386801,0.043291867,-0.078421776,0.077280976,0.058420786,0.130275979,0.074839637,0.146978861,0.174275894,0.120708649,0.139499551,0.06454716,0.047335445,0.030914938,0.01619413,0.041441544,0.112715479,0.178731754,0.020288648,-0.011476202,0.006692261,0.088020803,0.176774859,0.752086585,0.061035771,0.088102163,0.011465382,0.125016677,0.235341927,0.325126072,-0.018402631,-0.089792489,-0.146521764,0.419377149,0.032443607,0.095200288,0.245130497,0.149989562,0.121116815,0.471466112,1,0.703111209,0.013587654,0.10107321,-0.037672722,0.120566583
0.101314566,0.052093456,0.042679285,-0.10771676,0.080430611,-0.000457186,0.137509715,0.025989061,0.138019241,0.240299521,0.158958448,0.228749471,0.035077049,0.106444014,0.085103072,0.008853298,0.051954458,0.078077457,0.175064398,0.016916479,0.001333439,0.02183199,0.233068295,0.262662658,0.784312712,0.153210184,0.163990949,0.038190161,0.204296645,0.344374362,0.256609566,0.002128002,-0.183185647,-0.221229456,0.525183158,0.011608019,0.063037318,0.311904984,0.188153951,0.183962433,0.419136314,0.703111209,1,-0.048495867,0.082373057,-0.039364823,0.161660926
0.203814528,0.289537175,0.043424124,0.033759327,-0.098539873,0.568938954,-0.017507015,0.063941214,-0.212079187,-0.244388089,0.041174701,0.240544124,0.080894792,-0.084977047,-0.041503737,0.187893399,0.123185214,0.267847228,0.240473623,0.062924033,0.032768353,0.045521414,-0.063682594,0.18160039,0.086720453,0.075332499,0.07551324,0.026529807,0.168576821,0.223124031,0.070238295,0.19901774,0.308266825,0.254871812,0.145105745,0.440459093,0.151675013,0.173395863,0.15256092,0.021588213,-0.110231483,0.013587654,-0.048495867,1,0.219319182,0.059173026,-0.036539791
-0.019585338,0.097184496,0.097407996,-0.115120329,-0.128121547,-0.120823558,-0.140864284,0.035959162,0.017573988,-0.085413126,0.228538837,0.007882667,-0.002103655,0.062961478,0.125986674,-0.07683679,-0.203406559,-0.017551673,0.041549588,0.318410843,0.224204442,0.279262973,0.395372889,0.041781352,0.120456181,-0.020927928,0.014335299,0.22533996,0.158781304,0.016837561,0.247881798,-0.103393357,-0.037386896,-0.034416954,0.111247355,0.161309949,0.056918541,-0.043169284,0.020041746,-0.056698543,0.195939857,0.10107321,0.082373057,0.219319182,1,0.052663758,-0.009123418
0.013106562,0.057313335,-0.057053016,-0.046829237,-0.064834474,0.03578234,0.019171329,-0.009563946,-0.023750475,-0.020693052,0.025426875,0.112800254,0.034745905,0.025589525,-0.000947672,0.070077562,0.044036506,0.111810336,0.225258957,0.024855754,0.018242543,0.00492632,0.013684127,0.036956036,0.002757123,0.024503706,0.147218068,0.013275375,0.054871575,0.217543569,0.070931424,-0.026177282,0.147789943,0.178910839,0.018667492,0.110477246,0.159179788,0.076083724,0.034821995,-0.007093528,0.082596004,-0.037672722,-0.039364823,0.059173026,0.052663758,1,0.03680197
0.356635438,0.055896432,0.02394268,0.008305015,0.007782847,0.130376938,0.813995824,0.064929886,0.189615746,0.241004132,0.06123049,0.188563379,0.063266152,0.003907769,0.246814728,0.015556843,0.008124419,0.0994426,0.087496692,0.033314083,0.175556854,0.107208266,0.109760923,0.048311243,0.194378689,0.060982385,0.062712698,0.249265219,0.116332832,0.164711142,0.105726299,0.080815758,0.104221814,0.075793838,0.21347793,0.030039439,0.101973385,0.128805054,0.298129504,0.221069291,0.051968467,0.120566583,0.161660926,-0.036539791,-0.009123418,0.03680197,1
0.899153821,0.482803795,0,0.017571557,-0.004394675,0.141581272,0.349355466,0.052293844,0.035923485,0,0.033637533,0.018461333,0.021671846,-0.14200259,0.036824789,0.068386429,0.041098723,0.065314395,0.006228026,-0.125541813,0.022120536,-0.029940313,-0.079561541,0.00222352,0.031523171,-0.003250349,0,0.071347893,0.060068078,0.014920906,0.009811943,0.009550183,0.022984147,0.001216815,0.04150794,0.053700021,0.010419436,0.007833929,0.087247309,0.335954738,-0.007508296,0,0.025559375,0.131034506,-0.005748579,-0.006845114,0.277198459
0.482803795,0.917993332,0.036140492,-0.023271041,-0.049586572,0.170302413,-0.039259348,-0.001042683,0.014055268,-0.050456507,0.023506949,0.030467333,0.041638115,0,-0.07034917,-0.007249658,-0.097366275,0.003296351,0.049731703,-0.063438521,-0.011987331,-0.084672521,-0.174055811,0.013127084,0.023740176,-0.006413723,0.021442009,-0.015430739,0,0.042716878,0.024217887,0,-0.022668951,0.004970711,0.056427589,0.081183475,0.0187288,0.011036064,0.080574397,0.261901185,0,0.01862533,0,0.212386515,0.08742221,0.032599587,0.026171624
0,0.036140492,0.959946066,0.086114179,0.107770512,0,-0.002924898,-0.023309863,0,-0.041026047,-0.0224604,0.079665293,0.016527295,-0.006811145,-0.001303528,-0.096673973,-0.143881252,-0.061280233,0.011367327,0,0,0.00071774,0.003884881,-0.026376329,0.039434198,0.086680854,0.057082818,-0.000350529,0,0.029131225,0.045903466,0.10770005,0.027454499,0.035822099,0,0,0.011993478,-0.072314039,0.013070551,0.012013444,0.047443005,0.0134384,0.012155873,0.025702069,0.075893487,-0.0511833,0.011355396
0.017571557,-0.023271041,0.086114179,0.940500547,0.001427779,-0.000245402,0,0.015700529,-0.000740983,0.025407735,-0.022383849,0.02446957,0.082704568,0.006213739,-0.015574354,0.032255051,0.117980125,0.108178096,-0.092334804,-0.02467924,-0.018951643,-0.012939921,0,-0.01754742,-0.037041587,0.040778482,0.034535123,-0.035737642,0,0,-0.135049006,0.097219067,0.134020041,0.083583028,-0.086967012,0.100958918,0.117338841,0,0.018706856,-0.038339021,-0.077034085,-0.035917688,-0.064414519,0.006570226,-0.073736379,-0.045367631,0.005982942
-0.004394675,-0.049586572,0.107770512,0.001427779,0.959455759,-0.003127262,0,0.024241015,0,0.029276646,-0.035716272,-0.018884005,-0.06661639,0.029835463,0.018006935,0.005486291,0.107872279,0.015556512,-0.014114695,0.002893041,-0.017190227,0,0.030401649,-0.055969485,0.067833745,0.023203532,0.014284619,-0.01833478,-0.045473462,0.036878048,0.072172447,0.041540953,-0.020874781,-0.022218313,-0.030140303,-0.003191219,0.001924963,0.088938508,0.013144369,-0.056136334,-0.023823206,0.049592759,0.046906866,-0.068396059,-0.10657413,-0.046632353,0
0.141581272,0.170302413,0,-0.000245402,-0.003127262,0.891497471,0.197280329,0.10709466,-0.132849926,-0.217532628,-0.133616741,0.077574282,0.03254267,-0.017218746,-0.022679847,0.09316291,0.058595366,0.086180736,0.103280825,0.025605814,0,-0.040042753,-0.11404639,0.067641784,0.021028958,0,0,0.010113352,-0.064019747,0.064779979,0.018555279,0.065286109,0.080006314,0.078056744,0.11343807,0.023910184,0.026536019,0.063577602,0.130801324,0,-0.021976595,0.035137963,-0.013488408,0.465021149,-0.106759301,0,0.086034441
0.349355466,-0.039259348,-0.002924898,0,0,0.197280329,0.856828603,0.136361202,0.212557646,0.215693608,-0.03777687,0.061630354,0.00226408,-0.069761294,0.103014704,0.062186771,0.050264358,0.062029253,0.045503751,-0.038342396,0.054708852,0.017864401,-0.008135958,0.002532386,0.051925278,0.004900541,0,0.10115938,-0.006945447,0.033382447,0.023952977,0.023499704,0.043488827,0.029801491,0.104061899,-0.035430385,0.018147035,0.036197336,0.166480355,0.244250949,0,0.03425748,0.034946451,-0.044782458,-0.118640236,7.23E-05,0.690834862
0.052293844,-0.001042683,-0.023309863,0.015700529,0.024241015,0.10709466,0.136361202,0.92523608,0.426404271,-0.07623644,-0.115936085,0.006238913,-0.010637322,0.051376942,0.015692931,0.042680325,0.115536447,0.094947156,0.026823819,0.07934838,0.055565645,0,0.020477813,-0.004370748,0.001639278,-0.040600433,0,0.070000956,-0.221413161,-0.050001965,0.058520938,0,0.012928505,-0.023601102,0.039444587,0.088407736,0.063420153,0.03931279,0.146820703,0.061785418,0.021535361,0.030480887,-0.010635143,0.036310659,0.020443169,-0.007826437,0.009017934
0.035923485,0.014055268,0,-0.000740983,0,-0.132849926,0.212557646,0.426404271,0.908327848,0.457056388,0.215406075,0,0.00012255,0.039179943,-0.01834764,-0.011766795,0.003915071,0.027897601,0,0.015272681,0.046137659,0.022614773,0.067009809,-0.002726865,0.017051316,-0.031329301,0,0.018837546,-0.047721368,-0.042545996,0.073165969,-0.039023344,-0.040979288,-0.055661124,0.085086803,0.018107533,0.021568542,0,0.117721783,0.107294747,0.051771981,0.052553009,0.036928973,-0.186265611,-0.001852118,-0.0111167,0.11259107
0,-0.050456507,-0.041026047,0.025407735,0.029276646,-0.217532628,0.215693608,-0.07623644,0.457056388,0.885441388,0.196431497,0.043015703,0,0.084389451,0,0,0.101887805,0.068064029,0,0,-0.043883034,0,0.1266583,0.015210686,0.079041262,0.003887469,0.011447087,-0.044378141,0.201082535,0.017016334,0.013200157,0.00078825,0.003086716,-0.030379582,0.141237266,0.097458364,0.02403197,0.059166115,0.068446301,0.125727567,0.016534989,0.072799404,0.118834329,-0.217700993,-0.08599866,-0.019060641,0.167595561
0.033637533,0.023506949,-0.0224604,-0.022383849,-0.035716272,-0.133616741,-0.03777687,-0.115936085,0.215406075,0.196431497,0.900616131,0,0.004681225,0.015487938,0.013641791,0.098677351,0.045180317,0.083434281,0.018717728,0.009788438,0.040832698,0.073977555,0.106019321,0.101335266,0.008138185,-0.039329618,0.020598467,0.025856196,0.426505174,0.011414533,0.085344361,-0.037189086,-0.003403576,-0.029883762,0.108868221,0.240762768,0.079392447,0.020353706,0.01919813,0.02962318,0.040422526,0.035636572,0.057678727,0.008031707,0.160006267,0,0.015220488
0.018461333,0.030467333,0.079665293,0.02446957,-0.018884005,0.077574282,0.061630354,0.006238913,0,0.043015703,0,0.714919846,0.151775838,0.013506621,0.005569493,0.129589829,0.13470214,0.248908313,0.269689444,0.013874098,0.01674128,0.020894225,0.078962758,0.127914244,0.265478449,0.228459383,0.168146037,0.028843013,0.130994,0.395055216,-0.021621445,0.295069642,0.337182843,0.331051715,0.057872328,0.234040037,0.134659525,0.300240445,0.274294551,0.051719199,-0.052702616,0.046130452,0.119311557,0.093009073,0,0.04890088,0.06456317
0.021671846,0.041638115,0.016527295,0.082704568,-0.06661639,0.03254267,0.00226408,-0.010637322,0.00012255,0,0.004681225,0.151775838,0.950318691,0,0,0,-0.02115557,0.021624903,0.066516305,-0.01862922,0,0.002991396,0,0.017518257,0.063109814,0.046782773,-0.004151042,0.002791627,0.015882527,0.04345427,-0.028115332,0.108988833,0.073739901,0.090498215,0.009573913,0.034867541,0.217797765,0.029291162,0.020112988,0.013111024,0.019094045,0.03047224,0,0.020810694,-0.002018538,0.007998372,0.009295232
-0.14200259,0,-0.006811145,0.006213739,0.029835463,-0.017218746,-0.069761294,0.051376942,0.039179943,0.084389451,0.015487938,0.013506621,0,0.935911202,0.234930705,-0.138191036,0,-0.015333583,0,0.306186687,-0.063179367,-0.094415486,0.147449649,0,0.011415391,-0.022925682,-0.013067691,0.055586157,0.024286061,-0.010180344,0.016612787,-0.029555846,-0.005427727,-0.031069177,0.088974102,0.062489168,0.006836315,-0.003698865,0.069475545,0.203529745,0,0,0.047852559,-0.056794939,0.020501227,0.022647204,-0.005084835
0.036824789,-0.07034917,-0.001303528,-0.015574354,0.018006935,-0.022679847,0.103014704,0.015692931,-0.01834764,0,0.013641791,0.005569493,0,0.234930705,0.910846001,-0.014680872,0.000283801,-0.039436344,-0.012824335,0.145633484,0.132698509,0.061777697,0.168289837,-0.016395258,0.022667197,0.003908045,-0.005711394,0.662293339,0.029485544,-0.006509452,0.047150495,-0.019815842,-0.004675347,-0.00883175,0.06892964,0,0.006057056,0,0.088915673,-0.040442201,0.043293282,-0.00615504,0.032207919,-0.030241049,0.064407583,0,0.182368952
0.068386429,-0.007249658,-0.096673973,0.032255051,0.005486291,0.09316291,0.062186771,0.042680325,-0.011766795,0,0.098677351,0.129589829,0,-0.138191036,-0.014680872,0.831553276,0.438081458,0.402103858,0.169550889,-0.062520489,0.133305079,0,-0.027145382,0.239899854,-0.023107069,0.005832778,0.035861087,0.142115733,0.041878821,0.099559173,0,0.082878732,0.173021103,0.125208846,0.022317432,0.175027938,0.088496378,0.188858656,0.100158061,0.060434341,-0.091005488,-0.006525913,-0.019120293,0.074971385,-0.057740598,0.019318571,-0.045739552
0.041098723,-0.097366275,-0.143881252,0.117980125,0.107872279,0.058595366,0.050264358,0.115536447,0.003915071,0.101887805,0.045180317,0.13470214,-0.02115557,0,0.000283801,0.438081458,0.801075481,0.516885705,0.157124279,-0.016934916,-0.056632829,-0.045677259,0.067899458,0.109619514,0.04639491,0.049575997,0.045249153,0.004835855,0.042012804,0.1014237,-0.038916859,0.118944793,0.218535627,0.140961934,0.017595092,0.211215251,0.124437553,0.369199872,0.112217549,0.007281151,-0.140683232,0,0.00057909,0.023941001,-0.166181485,0,-0.057995532
0.065314395,0.003296351,-0.061280233,0.108178096,0.015556512,0.086180736,0.062029253,0.094947156,0.027897601,0.068064029,0.083434281,0.248908313,0.021624903,-0.015333583,-0.039436344,0.402103858,0.516885705,0.701501097,0.269994626,0.014986503,0.026448454,0.03790136,0.078896868,0.178191918,0.098453011,0.060000818,0.048325108,0.035917678,0.125144722,0.209104115,-0.001242134,0.190462592,0.363537783,0.26227857,0.063248024,0.311299095,0.17398745,0.301278614,0.227314789,0.082163458,-0.149377959,0.045122261,-0.000173024,0.115854567,-0.010349145,0.044938415,-0.000350599
0.006228026,0.049731703,0.011367327,-0.092334804,-0.014114695,0.103280825,0.045503751,0.026823819,0,0,0.018717728,0.269689444,0.066516305,0,-0.012824335,0.169550889,0.157124279,0.269994626,0.816403566,0.008949386,-0.024944299,-0.004346807,-0.005860562,0.138048182,0.179789045,0.113444807,0.077794354,0.004395467,0.072275244,0.331275301,0.066028855,0.134611407,0.161777617,0.183697431,0.073624649,0.172363802,0.03603654,0.287585446,0.15601211,0.008383307,0,0.089040484,0.076981658,0.111597651,0.022331061,0.163323955,0
-0.125541813,-0.063438521,0,-0.02467924,0.002893041,0.025605814,-0.038342396,0.07934838,0.015272681,0,0.009788438,0.013874098,-0.01862922,0.306186687,0.145633484,-0.062520489,-0.016934916,0.014986503,0.008949386,0.923933983,0.205198786,0.065734256,0.11043548,-0.022967677,-0.012721726,0,0.002879411,0.164017696,0.015808574,-0.011358891,0.041515518,-0.011722554,-0.004461363,-0.054099095,0.062160507,0.040085553,0.025008886,0.00250024,0.096033735,-0.095474999,0.028022939,0,-0.006865805,0.052094522,0.242495548,0.006077334,0.016373376
0.022120536,-0.011987331,0,-0.018951643,-0.017190227,0,0.054708852,0.055565645,0.046137659,-0.043883034,0.040832698,0.01674128,0,-0.063179367,0.132698509,0.133305079,-0.056632829,0.026448454,-0.024944299,0.205198786,0.899129561,0.321457693,0.195226783,0.061229368,-0.019692777,-0.000367056,0,0.474578865,0,0.01115711,0.048842511,-0.001550893,0.029168212,0.013113343,0.023720082,-0.010347645,0.035984037,-0.011026881,0.146282385,-0.095930649,0.037727319,-0.019692207,-0.010361067,0,0.152116902,0,0.111866295
-0.029940313,-0.084672521,0.00071774,-0.012939921,0,-0.040042753,0.017864401,0,0.022614773,0,0.073977555,0.020894225,0.002991396,-0.094415486,0.061777697,0,-0.045677259,0.03790136,-0.004346807,0.065734256,0.321457693,0.911600927,0.440534467,0.214180908,0,-0.013122673,-0.009034965,0.126216317,0.102642692,0.033857434,0.035663129,0,0.021423299,-0.005358866,0.083112465,0.001729947,0.031675314,-0.047967827,0.038573983,-0.087337655,0.0188841,-0.017377067,-0.008417504,0.022729205,0.202725667,-0.004248524,0.062349956
-0.079561541,-0.174055811,0.003884881,0,0.030401649,-0.11404639,-0.008135958,0.020477813,0.067009809,0.1266583,0.106019321,0.078962758,0,0.147449649,0.168289837,-0.027145382,0.067899458,0.078896868,-0.005860562,0.11043548,0.195226783,0.440534467,0.868339228,0.089816736,0.128937734,0.047350252,0,0.177549982,0.147399866,0.08293832,0.054013231,0.001572254,0.056213923,-0.002355295,0.134681779,0.046339279,0.021906567,0.030135211,0.085405228,-0.04183063,0.028341405,0.010543242,0.137712491,-0.070204482,0.311313873,0,0.047972981
0.00222352,0.013127084,-0.026376329,-0.01754742,-0.055969485,0.067641784,0.002532386,-0.004370748,-0.002726865,0.015210686,0.101335266,0.127914244,0.017518257,0,-0.016395258,0.239899854,0.109619514,0.178191918,0.138048182,-0.022967677,0.061229368,0.214180908,0.089816736,0.879441716,0.114732689,-0.003413493,0.006530732,0.039741838,0.124921162,0.188997118,0.057025377,0.035508457,0.029668801,-0.040546175,0.23361982,0.116044225,0.080419588,0.087470832,0.044522553,0.050483376,0.029234061,0.088798202,0.162842176,0.096009893,0,0,-0.018847641
0.031523171,0.023740176,0.039434198,-0.037041587,0.067833745,0.021028958,0.051925278,0.001639278,0.017051316,0.079041262,0.008138185,0.265478449,0.063109814,0.011415391,0.022667197,-0.023107069,0.04639491,0.098453011,0.179789045,-0.012721726,-0.019692777,0,0.128937734,0.114732689,0.762131581,0.159798716,0.0868135,0,0.104688831,0.326499454,0.203277723,0.104422327,0.041643586,0,0.257942835,0.063461289,0.053576405,0.269012655,0.146030243,0.059066901,0.251356687,0.576115337,0.582321736,0.021910787,0.071736033,-0.021252635,0.063300357
-0.003250349,-0.006413723,0.086680854,0.040778482,0.023203532,0,0.004900541,-0.040600433,-0.031329301,0.003887469,-0.039329618,0.228459383,0.046782773,-0.022925682,0.003908045,0.005832778,0.049575997,0.060000818,0.113444807,0,-0.000367056,-0.013122673,0.047350252,-0.003413493,0.159798716,0.895066877,0.529784463,-0.003958115,0.03407392,0.225133986,0.07100053,0.112355059,0.129200858,0.089393454,-0.007744997,0.059576877,-0.036281552,0.175162311,0.075702036,0.000494488,0.039654337,0,0.079943537,0.009067377,-0.01571983,0,0
